c_name	n_name	l_orderkey	l_quantity	l_extendedprice
Customer#000043903	ARGENTINA	516	11.00	20888.67
Customer#000050498	ARGENTINA	294	31.00	48968.22
Customer#000028547	ARGENTINA	68	46.00	57738.28
Customer#000028547	ARGENTINA	68	20.00	34454.40
Customer#000028547	ARGENTINA	68	27.00	47000.25
Customer#000028547	ARGENTINA	68	41.00	52735.84
Customer#000028547	ARGENTINA	68	3.00	2925.18
Customer#000047125	ARGENTINA	583	47.00	77297.14
Customer#000028547	ARGENTINA	68	46.00	88089.08
Customer#000028547	ARGENTINA	68	30.00	46906.80
Customer#000032113	ARGENTINA	64	21.00	40675.95
Customer#000044078	ARGENTINA	228	3.00	2829.09
Customer#000009220	ARGENTINA	517	28.00	41875.40
Customer#000009220	ARGENTINA	517	15.00	21695.85
Customer#000009220	ARGENTINA	517	23.00	29263.82
Customer#000009220	ARGENTINA	517	9.00	16856.37
Customer#000047125	ARGENTINA	583	34.00	49654.62
Customer#000047125	ARGENTINA	583	33.00	42611.25
Customer#000009220	ARGENTINA	517	11.00	13521.09
Customer#000047125	ARGENTINA	583	1.00	1408.36
Customer#000047125	ARGENTINA	583	13.00	21131.89
c_name	country	l_orderkey	l_quantity	total
Customer#000079138	INDONESIA	993	10.00	18639.20
c_name	country	l_orderkey	l_quantity	l_extendedprice
Customer#000129200	VIETNAM	66	31.00	35126.41
Customer#000129200	VIETNAM	66	41.00	64061.68
c_name	country	l_orderkey	l_quantity	l_extendedprice
Customer#000032113	ARGENTINA	64	21.00	40675.95
Customer#000028547	ARGENTINA	68	46.00	57738.28
Customer#000028547	ARGENTINA	68	20.00	34454.40
Customer#000028547	ARGENTINA	68	27.00	47000.25
Customer#000028547	ARGENTINA	68	41.00	52735.84
Customer#000028547	ARGENTINA	68	3.00	2925.18
Customer#000028547	ARGENTINA	68	46.00	88089.08
Customer#000028547	ARGENTINA	68	30.00	46906.80
c_name	country	l_orderkey	l_quantity	l_extendedprice
Customer#000032113	ARGENTINA	64	21.00	40675.95
Customer#000028547	ARGENTINA	68	46.00	57738.28
Customer#000028547	ARGENTINA	68	20.00	34454.40
Customer#000028547	ARGENTINA	68	27.00	47000.25
Customer#000028547	ARGENTINA	68	41.00	52735.84
Customer#000028547	ARGENTINA	68	3.00	2925.18
Customer#000028547	ARGENTINA	68	46.00	88089.08
Customer#000028547	ARGENTINA	68	30.00	46906.80
c_name	country	l_orderkey	l_quantity	l_extendedprice
Customer#000028547	ARGENTINA	68	46.00	57738.28
Customer#000028547	ARGENTINA	68	20.00	34454.40
Customer#000028547	ARGENTINA	68	27.00	47000.25
Customer#000028547	ARGENTINA	68	41.00	52735.84
Customer#000028547	ARGENTINA	68	3.00	2925.18
Customer#000028547	ARGENTINA	68	46.00	88089.08
Customer#000028547	ARGENTINA	68	30.00	46906.80
Customer#000032113	ARGENTINA	64	21.00	40675.95
c_name	country	l_orderkey	l_quantity	total
Customer#000028547	ARGENTINA	68	3.00	2925.18
c_name	country	l_orderkey	l_quantity	total
Customer#000079138	INDONESIA	993	10.00	18639.20
Customer#000001646	UNITED STATES	896	10.00	17186.20
Customer#000104480	EGYPT	98	10.00	12471.80
Customer#000141829	CANADA	515	10.00	10180.10
